2,0,100110,0,30,800000,1000000,-100,90, Suficiente
3,0,80100,0,30,800000,1000000,-100,90, Suficiente
4,0,80100,0,30,800000,1000000,-100,90, Suficiente
5,0,100,0,30,800000,1000000,-100,90, Suficiente
6,0,80100,0,30,800000,1000000,-100,90, Suficiente
7,0,80100,0,30,800000,1000000,-100,90, Suficiente
8,0,90,0,3540,800000,1000000,-100,90120, Abundante
9,0,90,0,3540,800000,1000000,-100,90120, Abundante
10,0,80100,0,30,800000,1000000,-100,90, Suficiente
11,0,80100,0,30,800000,1000000,-100,90, Suficiente
12,0,80100,0,30,800000,1000000,-100,90, Suficiente
13,0,80100,0,30,800000,1000000,-100,90, Suficiente
70,0,50,0,30,50000,50000,-100,90, Suficiente
14,0,80100,0,30,800000,1000000,-100,90, Suficiente
15,0,80100,0,30,800000,1000000,-100,90, Suficiente
16,0,80100,0,30,800000,1000000,-100,90, Suficiente
17,0,80100,0,30,800000,1000000,-100,90, Suficiente
18,0,80100,0,30,800000,1000000,-100,90, Suficiente
19,0,80100,0,30,800000,1000000,-100,90, Suficiente
20,0,7090,0,40,750000,1000000,-100,100, Promedio
21,0,90120,0,30,5000,30000,-100,70, Mucho
22,0,80100,0,30,150000,325000,-100,90, Suficiente
23,0,30120,0,40,100000,225000,-100,100, Suficiente
24,0,90100,0,30,5000,50000,-100,90, Mucho
25,0,6070,0,30,40000,50000,-100,120, Suficiente
26,0,0,0,30,1000,3000,-100,120, Suficiente
27,0,100120,0,30,5000,10000,-100,120, Suficiente
28,0,100120,0,30,1000,3000,-100,70, Mucho
29,0,100120,0,30,30000,50000,-100,100, Suficiente
30,0,100110,0,30,5000,15000,-100,90, Suficiente
31,0,80100,0,30,100000,100000,-100,90, Suficiente
32,0,4050,0,30,30000,50000,-100,90, Suficiente
33,0,4050,0,30,500,1000,-100,70, Suficiente
34,0,7080,0,30,100,500,-100,90, Suficiente
35,0,8090,0,30,100,500,-100,110, Suficiente
36,0,90120,0,30,5000,15000,-100,90, Suficiente
37,0,140160,0,30,15000,30000,-100,80, Suficiente
38,0,4060,0,30,30000,50000,-100,80, Alto
91,0,4560,0,30,0,0,-100,75, Mucho
39,0,4050,0,30,1000,1500,-100,90, Suficiente
40,0,8090,0,30,30000,50000,-100,95, Suficiente
41,0,7080,0,30,100000,400000,-100,100, Suficiente
42,0,4050,0,30,30000,50000,-100,90, Suficiente
43,0,3040,0,30,0,0,-100,65, Suficiente
44,0,4050,0,30,10000,10000,-100,90, Suficiente
45,0,80100,0,30,30000,50000,-100,90, Suficiente
46,0,5070,0,30,1000,2000,-100,70, Suficiente
47,0,5060,0,30,500,3000,-100,70, Suficiente
48,0,7090,0,30,1000,2000,-100,70, Suficiente
49,0,6080,0,30,1000,2000,-100,70, Suficiente
50,0,4050,0,30,10000,10000,-100,90, Suficiente
51,0,4050,0,30,10000,10000,-100,90, Suficiente
52,0,4050,0,30,90000,100000,-100,90, Suficiente
53,0,4060,0,30,4000,10000,-100,90, Suficiente
54,0,0,0,30,50000,100000,-100,80, Mucho
55,0,4060,0,30,40000,50000,-100,90, Mucho
56,0,4060,0,30,150000,325000,-100,90, Mucho
57,0,4060,0,30,150000,325000,-100,90, Mucho
58,0,90120,0,30,5000,15000,-100,90, Suficiente
59,0,4050,0,30,500,1000,-100,70, Suficiente
60,0,6080,0,30,10,100,-100,90, Mucho
61,0,0,0,30,0,0,-100,80, Mucho
62,0,7080,0,30,500,1000,-100,80, Suficiente
63,0,6075,0,30,30000,40000,-100,80, Suficiente
64,0,45120,0,30,800000,1000000,-100,100, Alto
65,0,45120,0,30,800000,1000000,-100,100, Alto
66,0,45120,0,30,800000,1000000,-100,90, Alto
67,0,80100,0,30,1000,1000,-100,90, Suficiente
68,0,4050,0,30,10000,10000,-100,90, Suficiente
69,0,4060,0,30,5000,3000,-100,85, Suficiente
71,0,45120,0,30,800000,1000000,-100,90, Alto
72,0,0,0,30,50000,100000,-100,70, Alto
73,0,4050,0,30,-1,-1,-100,90, Suficiente
74,0,90120,0,30,5000,15000,-100,90, Suficiente
75,0,7595,0,30,5000,10000,-100,70, Suficiente
76,0,50,0,30,100000,100000,-100,90, Suficiente
77,0,4060,0,30,150000,325000,-100,90, Mucho
78,0,80100,0,30,5000,10000,-100,90, Suficiente
79,0,6090,0,30,5000,30000,-100,90, Suficiente
80,0,0,0,30,200000,300000,-100,100, Mucho
90,0,60,0,30,5000,30000,-100,90, Suficiente
81,0,45120,0,30,800000,1000000,-100,90, Alto
82,0,4050,0,30,5000,30000,-100,90, Suficiente
83,0,6080,0,30,1000,2000,-100,70, Muy Bien
84,0,6060,0,30,12000,30000,-100,80, Suficiente
85,0,100120,0,30,0,1000,-100,80, Mucho
86,0,4050,0,30,50000,100000,-100,90, Suficiente
87,0,80100,0,30,100000,325000,-100,80, Mucho
88,0,3040,0,30,50000,100000,-100,80, Mucho
89,0,3040,0,30,50000,100000,-100,80, Mucho
92,0,0,0,30,1000,5000,-100,80, Mucho
93,0,90120,0,30,5000,15000,-100,90, Suficiente
94,0,3040,0,30,5000,30000,-100,90, Suficiente
95,0,0,0,30,100000,500000,-100,110, Suficiente
96,0,90100,0,30,5000,50000,-100,90, Mucho
97,0,100120,0,30,1000,3000,-100,70, Mucho
98,0,6075,0,30,1000,5000,-100,100, Mucho
99,0,5080,0,30,-1,-1,-100,90, Suficiente
100,0,80100,0,30,2200000,2200000,-100,90, Suficiente
101,0,6075,0,30,1000,3000,-100,100, Suficiente
102,0,6075,0,30,2000,4000,-100,75, Suficiente
103,0,4050,0,30,30000,50000,-100,90, Suficiente
104,0,4050,0,30,0,0,-100,90, Suficiente
105,0,5070,0,30,30000,50000,-100,90, Mucho
106,0,5070,0,30,20000,50000,-100,70, Suficiente
107,0,5060,0,30,70000,90000,-100,80, Suficiente
108,0,5070,0,30,30000,50000,-100,90, Mucho
109,0,80100,0,30,30000,50000,-100,90, Suficiente
110,0,4050,0,30,30000,50000,-100,90, Mucho
111,0,8090,0,30,30000,50000,-100,90, Mucho
112,0,5060,0,30,70000,100000,-100,80, Mucho
113,0,60100,0,30,30000,50000,-100,90, Suficiente
114,0,4050,0,30,2500,5000,-100,60, Suficiente
115,0,4050,0,30,15000,30000,-100,90, Suficiente
116,0,6090,0,30,180000,180000,-100,90, Suficiente
117,0,80100,0,30,30000,50000,-100,80, Suficiente
118,0,5060,0,30,500,3000,-100,70, Suficiente
119,0,80100,0,30,30000,50000,-100,80, Suficiente
120,0,90120,0,30,15000,30000,-100,90, Suficiente
121,0,4050,0,30,0,250,-100,80, Suficiente
122,0,80100,0,30,30000,50000,-100,80, Suficiente
123,0,4060,0,30,150000,325000,-100,90, Mucho
124,0,5060,0,30,500,3000,-100,70, Suficiente
175,0,4050,0,30,-1,-1,-100,90, Suficiente
125,0,6080,0,30,100,500,-100,90, Suficiente
126,0,4050,0,30,-1,-1,-100,90, Suficiente
127,0,0,0,30,15000,30000,-100,90, Suficiente
128,0,4060,0,30,4000,6000,-100,90, Suficiente
129,0,80100,0,30,15000,30000,-100,90, Mucho
130,0,0,0,30,50000,100000,-100,80, Suficiente
131,0,4050,0,30,100000,200000,-100,90, Suficiente
132,0,80100,0,30,0,0,-100,85, Suficiente
133,0,90120,0,30,5000,15000,-100,90, Suficiente
134,0,6080,0,30,50000,100000,-100,100, Suficiente
135,0,4060,0,30,40000,50000,-100,90, Mucho
136,0,80100,0,30,300000,425000,-100,90, Suficiente
137,0,6070,0,30,50000,100000,-100,100, Mucho
138,0,100120,0,30,0,300,-100,90, Suficiente
139,0,100120,0,30,0,1000,-100,80, Mucho
140,0,90120,0,30,5000,15000,-100,90, Suficiente
141,0,6070,0,30,1000,2000,-100,100, Suficiente
142,0,80100,0,30,30000,50000,-100,90, Suficiente
143,0,4050,0,30,-1,-1,-100,90, Suficiente
144,0,4060,0,30,10000,30000,-100,100, Suficiente
145,0,4060,0,30,1000,2000,-100,90, Suficiente
146,0,4060,0,30,100,500,-100,90, Mucho
147,0,4050,0,30,-1,-1,-100,90, Suficiente
148,0,90100,0,30,30000,50000,-100,100, Suficiente
149,0,80100,0,30,700000,1032310,-100,90, Suficiente
150,0,100140,0,30,75000,140000,-100,90, Suficiente
151,0,4050,0,30,-1,-1,-100,85, Suficiente
152,0,4050,0,30,-1,-1,-100,90, Suficiente
153,0,4050,0,30,-1,-1,-100,90, Suficiente
154,0,0,0,30,30000,50000,-100,100, Suficiente
155,0,2025,0,30,50000,100000,-100,90, Mucho
156,0,6090,0,30,125000,325000,-100,90, Suficiente
157,0,6090,0,30,125000,325000,-100,90, Suficiente
158,0,6090,0,30,125000,325000,-100,90, Suficiente
159,0,6090,0,30,125000,325000,-100,90, Suficiente
160,0,4050,0,30,30000,50000,-100,90, Suficiente
161,0,5060,0,30,5000,30000,-100,90, Suficiente
162,0,4060,0,30,1300,2500,-100,90, Suficiente
163,0,4050,0,30,0,0,-100,70, Suficiente
164,0,4050,0,30,500,1000,-100,70, Mucho
165,0,6080,0,30,2500,8000,-100,90, Suficiente
166,0,8090,0,30,30000,50000,-100,90, Mucho
167,0,0,0,30,50000,100000,-100,90, Mucho
168,0,90100,0,30,2500,3500,-100,70, Suficiente
169,0,5060,0,30,1000,1500,-100,90, Suficiente
170,0,4050,0,30,15000,30000,-100,90, Suficiente
171,0,6080,0,30,15000,30000,-100,120, Mucho
172,0,6080,0,30,100,500,-100,90, Suficiente
173,0,8090,0,30,30000,50000,-100,110, Alto
174,0,4050,0,30,2500,5000,-100,90, Suficiente
176,0,4050,0,30,1,1000,-100,70, Suficiente
177,0,6070,0,30,1000,3000,-100,90, Suficiente
178,0,80100,0,30,30000,50000,-100,90, Suficiente
179,0,0,0,30,0,0,-100,60, Suficiente
180,0,55,0,45,800000,800000,-100,90120, Abundante
181,0,6075,0,40,800000,800000,-100,90120, Suficiente
182,0,6070,0,30,100000,350000,-100,90, Suficiente
183,0,5060,0,30,250000,300000,-100,90, Suficiente
184,0,6070,0,30,250000,300000,-100,90, Suficiente
185,0,7090,0,30,150000,325000,-100,90, Suficiente
186,0,6090,0,30,150000,325000,-100,90, Suficiente
187,0,80100,0,30,300000,425000,-100,90, Suficiente
188,0,6075,0,30,300000,400000,-100,100, Suficiente
189,0,80100,0,30,80000,577000,-100,110, Suficiente
190,0,70,0,30,150000,325000,-100,90, Suficiente
191,0,6080,0,30,300000,350000,-100,110, Muy Bien
192,0,4050,0,30,150000,325000,-100,100, Suficiente
193,0,4050,0,30,150000,325000,-100,90, Suficiente
194,0,4050,0,30,150000,325000,-100,90, Suficiente
195,0,6080,0,30,350000,400000,-100,120, Muy bueno
196,0,4050,0,30,150000,325000,-100,70, Suficiente
197,0,70,0,30,150000,325000,-100,90, Suficiente
198,0,6070,0,30,200000,300000,-100,90, Suficiente
199,0,5060,0,30,150000,325000,-100,90, Suficiente
200,0,0,0,30,30000,30000,-100,90, Suficiente
201,0,8090,0,30,150000,325000,-100,100, Muy Bien
202,0,7090,0,30,500000,577000,-100,100, Más o menos
203,0,4050,0,30,150000,300000,-100,90, Suficiente
204,0,6070,0,30,200000,300000,-100,90, Suficiente
205,0,8090,0,30,1000,2000,-100,70, Suficiente
206,0,70,0,30,500,500,-100,90, Suficiente
207,0,90,0,30,700,700,-100,90, Suficiente
208,0,5070,0,30,10000,30000,-100,90, Suficiente
209,0,6070,0,30,5000,30000,-100,70, Muy Bien
210,0,4050,0,30,5000,10000,-100,90, Suficiente
211,0,60,0,30,5000,30000,-100,90, Suficiente
212,0,4050,0,30,5000,30000,-100,60, Suficiente
213,0,4050,0,30,1257468,1257468,-100,90, Suficiente
214,0,5060,0,30,2500,8000,-100,70, Suficiente
215,0,4050,0,30,4000,8000,-100,70, Suficiente
216,0,4050,0,30,4000,8000,-100,90, Suficiente
217,0,4050,0,30,2500,8000,-100,70, Suficiente
218,0,4050,0,30,2500,8000,-100,90, Suficiente
219,0,5060,0,30,2500,8000,-100,70, Suficiente
220,0,4050,0,30,2500,8000,-100,90, Suficiente
221,0,5060,0,30,2500,8000,-100,70, Suficiente
222,0,4050,0,30,2500,8000,-100,70, Suficiente
223,0,4060,0,30,100000,200000,-100,95, Suficiente
224,0,4060,0,30,150000,325000,-100,90, Mucho
225,0,70,0,30,1000,3500,-100,80, Suficiente
226,0,4050,0,30,-1,-1,-100,90, Suficiente
227,0,4050,0,30,700000,800000,-100,90, Suficiente
228,0,4050,0,30,700000,800000,-100,90, Suficiente
229,0,4050,0,30,0,0,-100,90, Suficiente
230,0,6075,0,30,1000,3000,-100,100, Suficiente
231,0,4050,0,30,1000,3500,-100,90, Suficiente
232,0,4050,0,30,-1,-1,-100,65, Suficiente
233,0,4050,0,30,-1,-1,-100,90, Suficiente
234,0,4050,0,30,-1,-1,-100,90, Suficiente
235,0,4050,0,30,10000,10000,-100,90, Suficiente
236,0,80100,0,30,125000,325000,-100,90, Suficiente
237,0,80100,0,30,125000,325000,-100,90, Suficiente
238,0,80100,0,30,125000,325000,-100,90, Suficiente
250,0,55,0,35,30000,50000,-100,90120, Abundante
239,0,70100,0,30,125000,300000,-100,110, Suficiente
240,0,120150,0,30,30000,40000,-100,100, Muy Bien
241,0,3040,0,30,-1,-1,-100,90, Suficiente
242,0,80100,0,30,30000,50000,-100,80, Suficiente
243,0,80100,0,30,30000,50000,-100,80, Suficiente
244,0,80100,0,30,30000,50000,-100,80, Suficiente
245,0,80100,0,30,30000,50000,-100,80, Suficiente
246,0,80100,0,30,30000,50000,-100,80, Suficiente
247,0,4050,0,30,-1,-1,-100,75, Suficiente
248,0,4050,0,30,-1,-1,-100,75, Suficiente
249,0,4050,0,30,0,0,-100,75, Suficiente
251,0,4050,0,30,-1,-1,-100,75, Suficiente
252,0,4050,0,30,0,0,-100,90, Suficiente
253,0,4050,0,30,-1,-1,-100,90, Suficiente
254,0,4050,0,30,0,0,-100,75, Suficiente
255,0,4050,0,30,0,0,-100,75, Suficiente
256,0,4050,0,30,0,0,-100,75, Suficiente
257,0,4050,0,30,2500,4000,-100,75, Suficiente
258,0,75,0,45,1000000,1000000,-100,90120, Abundante
259,0,2025,0,30,-1,-1,-100,90, Suficiente
260,0,4560,0,30,0,0,-100,75, Mucho
261,0,7090,0,30,1200000,2000000,-100,90, Más o menos
262,0,4050,0,30,4000,8000,-100,70, Suficiente
263,0,80,0,30,-1,-1,-100,8590, Suficiente
264,0,4050,0,30,100000,100000,-100,90, Suficiente
265,0,6070,0,30,10000,10000,-100,90, Suficiente
266,0,4080,0,30,800000,1000000,-100,90, Suficiente
267,0,4080,0,30,800000,1001300,-100,90, Suficiente
268,0,4080,0,30,800000,1000000,-100,90, Suficiente
269,0,80100,0,30,800000,1000000,-100,90, Suficiente
270,0,4080,0,30,800000,1001300,-100,90, Suficiente
271,0,4080,0,30,800000,1001300,-100,90, Suficiente
272,0,120,0,30,1000000,1000000,-100,100, Suficiente
273,0,4050,0,30,800000,1001300,-100,90, Suficiente
274,0,4080,0,30,800000,1001300,-100,90, Suficiente
275,0,45120,0,30,800000,1000000,-100,90, Alto
285,0,70,0,30,800,1000,-100,90, Suficiente
276,0,120,0,30,1000000,1000000,-100,100, Suficiente
277,0,120,0,30,1382118,1382118,-100,100, Suficiente
278,0,45120,0,30,800000,1000000,-100,90, Alto
279,0,4060,0,30,3000,5500,-100,90, Suficiente
280,0,4050,0,30,50000,50000,-100,90, Suficiente
281,0,4050,0,30,-1,-1,-100,90, Suficiente
282,0,4050,0,30,97000,97000,-100,120, Suficiente
283,0,4050,0,30,1000,5000,-100,95, Suficiente
284,0,4050,0,30,1500,2000,-100,60, Suficiente
301,0,60,0,30,100,1000,-100,70, Suficiente
286,0,4050,0,30,45000,50000,-100,90, Suficiente
287,0,4050,0,30,800,1000,-100,80, Suficiente
288,0,4050,0,30,850,850,-100,90, Suficiente
289,0,4050,0,30,850,850,-100,90, Suficiente
290,0,4050,0,30,800,1000,-100,90, Suficiente
291,0,80,0,30,1000,1000,-100,90, Suficiente
292,0,90,0,30,5000,30000,-100,90, Suficiente
293,0,90120,0,30,5000,15000,-100,90, Suficiente
294,0,90,0,30,5000,30000,-100,90, Suficiente
295,0,70,0,30,100000,350000,-100,90, Suficiente
296,0,4050,0,30,0,250,-100,80, Suficiente
297,0,4050,0,30,5000,30000,-100,90, Suficiente
298,0,4050,0,30,5000,30000,-100,90, Suficiente
299,0,4050,0,30,5000,30000,-100,90, Suficiente
300,0,4050,0,30,5000,30000,-100,90, Suficiente
302,0,90120,0,30,100000,140000,-100,100, Suficiente
303,0,90120,0,30,5000,15000,-100,90, Suficiente
304,0,5060,0,30,20000,30000,-100,90, Suficiente
305,0,6080,0,30,5000,30000,-100,90, Suficiente
306,0,4050,0,30,-1,-1,-100,90, Suficiente
307,0,4050,0,30,-1,-1,-100,90, Suficiente
308,0,4050,0,30,-1,-1,-100,90, Suficiente
309,0,90120,0,30,5000,15000,-100,90, Suficiente
310,0,60,0,30,-1,-1,-100,90, Suficiente
311,0,90100,0,30,50000,100000,-100,90, Mucho
312,0,6080,0,30,5000,30000,-100,90, Suficiente
313,0,4560,0,30,0,0,-100,75, Mucho
314,0,4050,0,30,-1,-1,-100,90, Suficiente
315,0,4050,0,30,15000,35000,-100,90, Suficiente
316,0,4060,0,30,-1,-1,-100,90, Suficiente
317,0,8090,0,30,30000,50000,-100,90, Suficiente
318,0,4050,0,30,-1,-1,-100,80, Suficiente
319,0,4050,0,30,-1,-1,-100,90, Suficiente
320,0,45120,0,30,800000,1000000,-100,90, Alto
321,0,45120,0,30,800000,1000000,-100,90, Alto
322,0,3040,0,30,50000,100000,-100,80, Mucho
323,0,4050,0,30,30000,50000,-100,90, Suficiente
324,0,80100,0,30,30000,50000,-100,80, Suficiente
325,0,80100,0,30,30000,50000,-100,80, Suficiente
326,0,80100,0,30,30000,50000,-100,80, Suficiente
327,0,80100,0,30,30000,50000,-100,80, Suficiente
328,0,80100,0,30,30000,50000,-100,80, Suficiente
329,0,4050,0,30,400000,400000,-100,90, Suficiente
330,0,6090,0,30,5000,30000,-100,90, Suficiente
331,0,4050,0,30,500,750,-100,90, Suficiente
332,0,4050,0,30,5000,30000,-100,90, Suficiente
333,0,4050,0,30,-1,-1,-100,90, Suficiente
334,0,4050,0,30,150000,325000,-100,90, Suficiente
335,0,6080,0,30,200000,300000,-100,110, Suficiente
336,0,4050,0,30,150000,325000,-100,90, Suficiente
337,0,4060,0,30,150000,325000,-100,90, Mucho
338,0,4060,0,30,150000,325000,-100,90, Mucho
339,0,80,0,30,8000,22000,-100,65, Suficiente
340,0,70150,0,40,5000,3000,-100,95, Suficiente
341,0,50150,0,30,8000,22000,-100,90, Suficiente
342,0,80100,0,30,800000,1000000,-100,90, Suficiente
343,0,6060,0,30,12000,30000,-100,80, Suficiente
344,0,4050,0,30,8000,22000,-100,75, Suficiente
345,0,4050,0,30,40000,50000,-100,90, Suficiente
346,0,80150,0,30,30000,70000,-100,75, Suficiente
347,0,4050,0,30,25000,40000,-100,90, Suficiente
348,0,4050,0,30,1000,3500,-100,80, Suficiente
349,0,4050,0,30,50000,100000,-100,90, Suficiente
350,0,3040,0,30,50000,100000,-100,80, Mucho
351,0,4050,0,30,8,8,-100,90, Suficiente
352,0,70,0,30,500,500,-100,90, Suficiente
353,0,4050,0,30,100000,100000,-100,90, Suficiente
354,0,4050,0,30,800000,1000000,-100,90, Suficiente
355,0,4050,0,30,1463700,1463700,-100,90, Suficiente
356,0,4050,0,30,1463700,1463700,-100,90, Suficiente
357,0,4050,0,30,800000,1000000,-100,90, Suficiente
358,0,120,0,30,800000,1000000,-100,120, Suficiente
359,0,120,0,30,800000,1000000,-100,120, Suficiente
360,0,120,0,30,800000,1000000,-100,120, Suficiente
361,0,4050,0,30,700000,800000,-100,90, Suficiente
362,0,4050,0,30,2009231,2009231,-100,90, Suficiente
363,0,4050,0,30,2009231,2009231,-100,90, Suficiente
364,0,4050,0,30,2009231,2009231,-100,90, Suficiente
365,0,5080,0,30,1000000,1000000,-100,90, Suficiente
366,0,4050,0,30,2009231,2009231,-100,90, Suficiente
367,0,50150,0,30,0,500,-100,90, Suficiente
368,0,100120,0,30,5000,5000,-100,90100, Suficiente
369,0,4050,0,30,-1,-1,-100,90, Suficiente
370,0,5070,0,30,20000,50000,-100,70, Suficiente